{
 "cells": [
  {
   "cell_type": "code",
   "execution_count": 1,
   "metadata": {},
   "outputs": [],
   "source": [
    "import numpy as np\n",
    "import pandas as pd"
   ]
  },
  {
   "cell_type": "code",
   "execution_count": 5,
   "metadata": {},
   "outputs": [
    {
     "data": {
      "text/plain": [
       "array([[[23, 50],\n",
       "        [ 7, 12]],\n",
       "\n",
       "       [[57, 67],\n",
       "        [99, 43]],\n",
       "\n",
       "       [[75, 21],\n",
       "        [57, 12]],\n",
       "\n",
       "       [[87, 26],\n",
       "        [18, 84]]])"
      ]
     },
     "execution_count": 5,
     "metadata": {},
     "output_type": "execute_result"
    }
   ],
   "source": [
    "# 1\n",
    "\n",
    "M1 = np.array([[23, 50], [7, 12]])\n",
    "M2 = np.array([[57, 67], [99, 43]])\n",
    "M3 = np.array([[75, 21], [57, 12]])\n",
    "M4 = np.array([[87, 26], [18, 84]])\n",
    "\n",
    "tensor = np.array([M1, M2, M3, M4])\n",
    "tensor"
   ]
  },
  {
   "cell_type": "code",
   "execution_count": 11,
   "metadata": {},
   "outputs": [
    {
     "name": "stdout",
     "output_type": "stream",
     "text": [
      "[[ 23  50  19]\n",
      " [  7  12 109]\n",
      " [ 57  67  98]]\n",
      "[[17 22 19]]\n"
     ]
    }
   ],
   "source": [
    "# 2\n",
    "\n",
    "A = np.array([[23, 50, 19], [7, 12, 109], [57, 67, 98]])\n",
    "B = np.array([[17, 22, 19]])\n",
    "\n",
    "print(A)\n",
    "print(B)"
   ]
  },
  {
   "cell_type": "code",
   "execution_count": 12,
   "metadata": {},
   "outputs": [
    {
     "data": {
      "text/plain": [
       "array([[ 391, 1100,  361],\n",
       "       [ 119,  264, 2071],\n",
       "       [ 969, 1474, 1862]])"
      ]
     },
     "execution_count": 12,
     "metadata": {},
     "output_type": "execute_result"
    }
   ],
   "source": [
    "A * B"
   ]
  },
  {
   "cell_type": "code",
   "execution_count": 15,
   "metadata": {},
   "outputs": [
    {
     "data": {
      "text/plain": [
       "array([[ 23,  50,  19],\n",
       "       [  7,  12, 109],\n",
       "       [ 57,  67,  98]])"
      ]
     },
     "execution_count": 15,
     "metadata": {},
     "output_type": "execute_result"
    }
   ],
   "source": [
    "# 3\n",
    "\n",
    "M = np.array([[23, 50, 19], [7, 12, 109], [57, 67, 98]])\n",
    "M"
   ]
  },
  {
   "cell_type": "code",
   "execution_count": 18,
   "metadata": {},
   "outputs": [
    {
     "data": {
      "text/plain": [
       "array([[ 23,   7,  57],\n",
       "       [ 50,  12,  67],\n",
       "       [ 19, 109,  98]])"
      ]
     },
     "execution_count": 18,
     "metadata": {},
     "output_type": "execute_result"
    }
   ],
   "source": [
    "# Transpose\n",
    "\n",
    "M_t = M.T\n",
    "M_t"
   ]
  },
  {
   "cell_type": "code",
   "execution_count": 17,
   "metadata": {},
   "outputs": [
    {
     "data": {
      "text/plain": [
       "131344.0000000002"
      ]
     },
     "execution_count": 17,
     "metadata": {},
     "output_type": "execute_result"
    }
   ],
   "source": [
    "# determinan\n",
    "\n",
    "np.linalg.det(M)"
   ]
  },
  {
   "cell_type": "code",
   "execution_count": 19,
   "metadata": {},
   "outputs": [
    {
     "data": {
      "text/plain": [
       "131343.99999999997"
      ]
     },
     "execution_count": 19,
     "metadata": {},
     "output_type": "execute_result"
    }
   ],
   "source": [
    "np.linalg.det(M_t)"
   ]
  },
  {
   "cell_type": "code",
   "execution_count": 20,
   "metadata": {},
   "outputs": [
    {
     "data": {
      "text/plain": [
       "array([[-0.0466485 , -0.02761451,  0.03975819],\n",
       "       [ 0.04208034,  0.00891552, -0.01807467],\n",
       "       [-0.00163692,  0.0099662 , -0.00056341]])"
      ]
     },
     "execution_count": 20,
     "metadata": {},
     "output_type": "execute_result"
    }
   ],
   "source": [
    "# inverse\n",
    "\n",
    "np.linalg.inv(M)"
   ]
  },
  {
   "cell_type": "code",
   "execution_count": 21,
   "metadata": {},
   "outputs": [
    {
     "data": {
      "text/plain": [
       "array([[-0.0466485 ,  0.04208034, -0.00163692],\n",
       "       [-0.02761451,  0.00891552,  0.0099662 ],\n",
       "       [ 0.03975819, -0.01807467, -0.00056341]])"
      ]
     },
     "execution_count": 21,
     "metadata": {},
     "output_type": "execute_result"
    }
   ],
   "source": [
    "np.linalg.inv(M_t)"
   ]
  }
 ],
 "metadata": {
  "kernelspec": {
   "display_name": "Python 3.9.12 ('base')",
   "language": "python",
   "name": "python3"
  },
  "language_info": {
   "codemirror_mode": {
    "name": "ipython",
    "version": 3
   },
   "file_extension": ".py",
   "mimetype": "text/x-python",
   "name": "python",
   "nbconvert_exporter": "python",
   "pygments_lexer": "ipython3",
   "version": "3.9.12"
  },
  "orig_nbformat": 4,
  "vscode": {
   "interpreter": {
    "hash": "cf222b8a245eb29bee3b460393575987629655e73ab8896d67c96c1e560c9ea9"
   }
  }
 },
 "nbformat": 4,
 "nbformat_minor": 2
}
